effort
0.21 0.06 0.58 0.15 0.18 0.21 0.27 0.35
migration
0.3 0.3 0.3 0.3 0.3 0.3 0.3 0.3 0.3 0.3 0.3 0.3 0.3 0.3 0.3 0.3 0.3 0.3 0.3 0.3 0.3 0.3 0.3 0.3 0.3 0.3 0.3 0.3 0.6 0.6 0.6 0.6 0.6 0.6 0.6 0.6 1 1 1 1 1 1 1 1 1 1 1 1 1 1 1 1 1 1 1 1 1 1 1 1 1 1 1 1 1 1 1 1 1 1 1 1 1 1 1 1 1 1 1 1 1 1 1 1 1 1 1 1 1 1 1 1 1 1 1 1 1 1 1 1 1 1 1
end_year
2016
startyr
1901
Nsexes
1
lowersize
10
bigsize
214
sizedelta
2
N_CLL
12
fec
0.00047 4.4005
maturity
26.03 -0.37
weight
0.0031 2.6672
M
0.18
select_L_full
115
select_var
0.1
qcatch
-7.0197519
l50s
114.5
l95s
115
k_growth
0.06985
linf_growth
213.495
beta_growth
1
z
0.7
logR0
9
logRec
0
ashape
45
bshape
0.3
logF
-2.3
total_seasonal_catch
5.712019876 6.113336553 6.542849047 7.00253835 7.494524631 8.021077021 8.584624075 9.187764973 9.833281513 10.52415093 11.26355965 12.05491794 12.90187571 13.80833927 14.7784894 15.81680061 16.92806177 18.11739823 19.39029542 20.75262417 22.2106678 23.77115105 25.44127117 33.86474221 38.2560852 28.91061268 13.45595824 28.71015347 26.96122729 50.27567109 40.18232714 55.34974016 56.05802669 47.07024467 54.38746473 61.21188504 86.19421503 73.50876385 54.44337294 63.25584132 83.04469681 58.26156154 41.42302955 39.23578676 37.6450141 42.22628341 61.82409022 59.0089072 55.40564836 50.22790892 74.76464431 86.90250156 73.70740156 67.91689993 77.33398447 80.86560005 69.23739164 63.03332253 75.05121734 74.07320686 66.65231642 62.1823065 73.0468772 61.13265277 44.00810476 47.78182915 34.50648282 24.136 39.7176 42.144 41.9032 29.704 50.3 57.1 43.9 47.7 30.7 22.9 39.4 17 31.1496 42.316 31.77330343 15.3424 21.13146539 17.52085425 17.51249378 11.92433388 10.16802282 12.84047634 10.00107803 13.44172268 14.72715166 15.90902167 18.3191712 20.9672 16.51031747 12.99879594 11.92239301 10.54 28.336 17.167 42.643 42.515 43.962 41.415 30.247 35.691 35.308 63.86 24.821
Seasons
1901 1902 1903 1904 1905 1906 1907 1908 1909 1910 1911 1912 1913 1914 1915 1916 1917 1918 1919 1920 1921 1922 1923 1924 1925 1926 1927 1928 1929 1930 1931 1932 1933 1934 1935 1936 1937 1938 1939 1940 1941 1942 1943 1944 1945 1946 1947 1948 1949 1950 1951 1952 1953 1954 1955 1956 1957 1958 1959 1960 1961 1962 1963 1964 1965 1966 1967 1968 1969 1970 1971 1972 1973 1974 1975 1976 1977 1978 1979 1980 1981 1982 1983 1984 1985 1986 1987 1988 1989 1990 1991 1992 1993 1994 1995 1996 1997 1998 1999 2000 2001 2002 2003 2004 2005 2006 2007 2008 2009 2010 2011
total_annual_catch
5.1729168032 7.4185404452 9.6641640872 11.9097877292 14.1554113712 16.4010350132 18.6466586552 20.8922822972 23.1379059392 25.3835295812 27.6291532232 29.8747768652 32.1204005072 34.3660241492 36.6116477912 38.8572714332 41.1028950752 43.3485187172 45.5941423592 47.8397660012 50.0853896432 52.3310132852 54.5766369272 56.8222605692 61.5288 53.2576 56.0944 56.6848 75.0936 89 68 56 97 77 67 89 93 148 90 77 104 135 62 62 57 56 67 106 79 85 70 134 128 101 102 123 120 95 94 122 105 97 91 119 77 60 91 42 53 57 63 46 50 57 44 48 31 23 39 17 25 50 35 42 31 31.96 23.2 27.8 12.6 16.6 20.6 12 24.4 20.8 25.4 28.484 28.8 21 18.24 17.7699992 10.3 23.574 33.628 47.144 54.83 45.461 49.293 54.581 56.731 55.938 68.112 91.8601478247 78.8018908072 78.511559607 77.2795016357 73.5229
year
1901 1902 1903 1904 1905 1906 1907 1908 1909 1910 1911 1912 1913 1914 1915 1916 1917 1918 1919 1920 1921 1922 1923 1924 1925 1926 1927 1928 1929 1930 1931 1932 1933 1934 1935 1936 1937 1938 1939 1940 1941 1942 1943 1944 1945 1946 1947 1948 1949 1950 1951 1952 1953 1954 1955 1956 1957 1958 1959 1960 1961 1962 1963 1964 1965 1966 1967 1968 1969 1970 1971 1972 1973 1974 1975 1976 1977 1978 1979 1980 1981 1982 1983 1984 1985 1986 1987 1988 1989 1990 1991 1992 1993 1994 1995 1996 1997 1998 1999 2000 2001 2002 2003 2004 2005 2006 2007 2008 2009 2010 2011 2012 2013 2014 2015 2016
cll
0 0 0 0 0 0 0 0 0 0 0 0 0 0 0 0 0 0 0 0 0 0 0 0 0.0000585 0.000116928 0.0000585 0 0.000322038 0.0006431729 0.0007121859 0.0018454768 0.0029416207 0.0039997075 0.0052929444 0.0067665322 0.0115618036 0.0140961223 0.0192367987 0.0260557449 0.0319804482 0.0447508167 0.0513203809 0.0580585731 0.0602440089 0.0725737584 0.0733388313 0.0750026881 0.0808284535 0.0716974245 0.0721059735 0.0691066578 0.0460784236 0.0280112987 0.0249506181 0.0153670532 0.0115414756 0.0062933383 0.0053701794 0.0021158558 0.0010949319 0.0013530948 0.0007515009 0.0009987039 0.0007017449 0.0000875 0.00010189 0.000284095 0 0.000182205 0 0 0 0 0 0 0 0 0 0 0 0 0 0 0 0 0 0 0 0 0 0 0 0 0 0 0 0 0 0 0 0 0
0 0 0 0 0 0 0 0 0 0 0 0 0 0 0 0 0 0 0 0 0 0 0 0 0 0 0 0 0 0 0 0 0 0.001716587 0.0036766271 0.0096783333 0.0040038781 0.0073528152 0.0100871113 0.0167498505 0.0124035744 0.0210431836 0.0319985549 0.0111446523 0.0287968968 0.0419726972 0.0487084434 0.0653840979 0.0285516808 0.0620171398 0.0580658357 0.06922106 0.03312806 0.069730379 0.0849426335 0.0742907732 0.0543177276 0.0156671275 0.0294727679 0.0196217026 0.0210950146 0.0120791664 0.0054853932 0.0085158512 0.0077416712 0.0067074722 0.0060305022 0.001246843 0.0031170471 0.0021784521 0.001228115 0.0033408221 0.0019990621 0.001692998 0.0023767911 0.000507758 0.000427427 0.000162396 0 0.000242727 0 0 0 0.0000803 0 0 0 0 0 0 0 0 0 0 0 0 0 0 0 0 0 0 0
0 0 0 0 0 0 0 0 0 0 0 0 0 0 0 0 0 0 0 0.000112247 0 0.000067129 9.85145996453475E-005 0 2.15976999222483E-005 0.001405869 0 0.002977754 9.85145996453475E-005 9.85145996453475E-005 0.000253153 0.001471177 3.26031998826285E-005 0.001924137 0.004918278 0.011116231 0.003572874 0.008045641 0.004164369 0.006513752 0.004640329 0.006099968 0.0145258469 0.00633575 0.0219695049 0.0274617029 0.0253838329 0.0432507838 0.0234189589 0.0476205698 0.0614901718 0.0583951178 0.0329489289 0.0684410488 0.0769347437 0.0685551748 0.0857087007 0.0243546799 0.0486688708 0.0486383178 0.0322164169 0.0313722399 0.004818102 0.012889819 0.006303701 0.012828421 0.012031056 0.008334222 0.012638715 0.007518599 0.001014022 0.004393248 0.003688517 0.002003141 0.002638919 0.00014485 0.0019437 0.000415215 0.000136611 9.85145996453475E-005 2.15976999222483E-005 0.000275025 0 0.0000216 5.61234997979554E-005 1.10054999603802E-005 0 0 0 0 0.000153393 8.04871997102461E-005 4.11455998518759E-005 0 0 5.61234997979554E-005 9.85145996453475E-005 0 0 0 2.15976999222483E-005 0 0
0 3.21781379974901E-005 0 0 0 0 0 0 0 0 0 0 0 0 0 0 0 0 0 3.21781379974901E-005 0 0 0 0 0 3.21781379974901E-005 6.43562759949802E-005 0.0001287126 0.0001608907 0.000450494 0.0005470284 0.0010940566 0.0014801944 0.0018985102 0.0033465264 0.0049876114 0.0076583968 0.0109727452 0.015155903 0.0202078708 0.0285741866 0.0399652476 0.0438588024 0.052611256 0.0592077742 0.0715320012 0.0788042604 0.0824082118 0.0861086978 0.0832770216 0.0816037584 0.0815715802 0.0637770698 0.032853879 0.0217845996 0.0115197734 0.006757409 0.0024455386 0.0012549474 0.0005470284 0.0003539596 0.0003861376 0.0001608907 0.0001287126 6.43562759949802E-005 0.0001287126 3.21781379974901E-005 0 0 0 0 0 3.21781379974901E-005 0 0 0 0 0 0 0 0 0 0 0 0 0 0 0 0 0 0 0 0 0 0 0 0 0 0 0 0 0 0
0 0 0 0 0 0 0 0 0 0 0 0 0 0 0 0 0 0 0 0 0 0 0 0 0 0 9.68898359914737E-005 0 9.68898359914737E-005 0 0.0001937797 0.000581339 0.000581339 0.0008720086 0.0016471272 0.0033911442 0.0045538224 0.00591028 0.0124987888 0.018990408 0.0231566708 0.0312954172 0.0401123922 0.0560992152 0.067435326 0.0749927332 0.0759616316 0.0830345896 0.085166166 0.0863288442 0.0872008526 0.0817750218 0.0742176146 0.0391434938 0.0221877726 0.011239221 0.0066853988 0.0020346866 0.0007751186 0.000581339 0.0003875594 0.0003875594 9.68898359914737E-005 0.0001937797 0 9.68898359914737E-005 0 0 0 0 0 0 0 0 0 0 0 0 0 0 0 0 0 0 0 0 0 0 0 0 0 0 0 0 0 0 0 0 0 0 0 0 0
0 0 0 0 0 0 0 0 0 0 0 0 0 0 0 0 0 0 0 0 0 0 0 0 0 0 0 0 0.0001808482 0.000090424 0.0001808482 0.0004521204 0.0006329686 0.0004521204 0.001085089 0.0013563614 0.0028031468 0.0038882358 0.0086807126 0.011212587 0.01835609 0.026403834 0.0382493896 0.04665883 0.0529885162 0.0687223076 0.0756849624 0.085450764 0.0882539108 0.0963016548 0.0917804504 0.0871688218 0.0747807216 0.0542544534 0.0276697712 0.017271001 0.0088615608 0.0049733248 0.0026222986 0.0009042408 0.0006329686 0.0004521204 0.0002712722 0 0.0001808482 0.000090424 0 0 0 0 0 0 0 0 0 0 0 0 0 0 0 0 0 0 0 0 0 0 0 0 0 0 0 0 0 0 0 0 0 0 0 0 0
0 0 0 0 0 0 0 0 0 0 0 0 0 0 2.36016039910314E-005 0 0 0 0 4.72032099820628E-005 0 0 4.72032099820628E-005 2.36016039910314E-005 0 2.36016039910314E-005 0.0001652112 0.0001416096 0.000236016 0.0003304224 0.0005664386 0.000660845 0.0011800802 0.0019589332 0.0021949492 0.0038942648 0.0065848478 0.0101486902 0.0124144442 0.0163795138 0.0248996932 0.0325230116 0.0359688458 0.044748643 0.0585555818 0.0670049564 0.0748406892 0.0795846118 0.0863110692 0.0779088978 0.0827472268 0.0829832428 0.070191173 0.0454330894 0.0276846826 0.0192117064 0.0113051688 0.0063252302 0.0036582488 0.0029738022 0.0017465188 0.0014160962 0.0011092754 0.0009204626 0.000660845 0.0005664386 0.0004956338 0.0003068208 7.08048139730942E-005 0.0002124144 4.72032099820628E-005 0.000118008 0.000118008 7.08048139730942E-005 2.36016039910314E-005 2.36016039910314E-005 2.36016039910314E-005 2.36016039910314E-005 0 0 2.36016039910314E-005 2.36016039910314E-005 0 0 0 0 2.36016039910314E-005 0 0 0 7.08048139730942E-005 2.36016039910314E-005 0 0 0 0 0 0 0 0 0 0 0
0 0 0 0 0 0 0 0 0 0 0 0 0 4.72522799867694E-005 0 0 0 0 4.72522799867694E-005 0 0 0 0 0 0 0 0 0.0002362614 9.45045599735387E-005 0.0002835136 0.0002362614 0.0002362614 0.0004252706 0.0007560364 0.0009922978 0.0013230638 0.0034966688 0.004205453 0.007418608 0.012474602 0.0186646506 0.0243821764 0.030713982 0.0421490336 0.0498511554 0.0597741342 0.0728157634 0.0835892832 0.089968341 0.0995133016 0.1049000614 0.1025846998 0.082029958 0.0402589424 0.0264612768 0.015546 0.0112460426 0.0055285168 0.0029768936 0.0012285592 0.000661532 0.0009450456 0.0002835136 0.000519775 0.000330766 0.0001890091 0.0001417568 9.45045599735387E-005 0 0 4.72522799867694E-005 4.72522799867694E-005 0 9.45045599735387E-005 0 4.72522799867694E-005 4.72522799867694E-005 0 0 4.72522799867694E-005 0 0 0 0 0 0 0 0 0 0 4.72522799867694E-005 0 0 0 0 0 0 0 0 0 0 0 0
0 0 0 0 0 0 0 0 0 0 0 0 0 0 0 0 2.40929020040476E-005 0 2.40929020040476E-005 0 4.81858040080952E-005 0 0 0 0 9.63716080161904E-005 2.40929020040476E-005 0 0 4.81858040080952E-005 0.0004095794 0.0001927432 0.0001686503 0.0004577652 0.0006746012 0.001734689 0.0016624102 0.0025297548 0.0050595094 0.0092757674 0.0146243916 0.0173950754 0.0248156892 0.034741965 0.0443068472 0.0612200646 0.069002072 0.079578856 0.089721968 0.0962029586 0.1087794536 0.1100804702 0.0850961306 0.0585939382 0.0363561894 0.0214667758 0.0100226474 0.0054931818 0.0030116128 0.0022647328 0.0019033392 0.0011564594 0.0006264154 0.000265022 0.0001686503 0.0001927432 0.0001686503 0 2.40929020040476E-005 0 0 0 0 9.63716080161904E-005 0 2.40929020040476E-005 0 4.81858040080952E-005 2.40929020040476E-005 0 2.40929020040476E-005 2.40929020040476E-005 0 0 0 0 2.40929020040476E-005 0 0 0 0 0 0 2.40929020040476E-005 0 0 0 0 0 0 0 0 0
0 0 0 0 0 0 0 0 0 0 0 0 0 0 0 1.69067419965172E-005 1.69067419965172E-005 0 8.45337119825861E-005 0.0001521607 0.000135254 0 0 0 1.69067419965172E-005 5.07202279895517E-005 1.69067419965172E-005 3.38134839930345E-005 3.38134839930345E-005 8.45337119825861E-005 0.0001183472 0.000135254 0.000135254 0.0003212282 0.0003043214 0.0006931764 0.0012172854 0.0017244878 0.0032291878 0.0050889294 0.0121897612 0.0154358558 0.0221309258 0.0342192466 0.0427064314 0.0622506256 0.0762494082 0.086765402 0.092936363 0.095556908 0.1000371948 0.1095725976 0.0970616082 0.0713802664 0.0250896058 0.0173125042 0.009974978 0.006170961 0.003279908 0.0014201664 0.0015216068 0.000659363 0.000456482 0.0003550416 0.0002536012 0.0002536012 0.000067627 8.45337119825861E-005 3.38134839930345E-005 0.000135254 3.38134839930345E-005 5.07202279895517E-005 5.07202279895517E-005 0 3.38134839930345E-005 0.000067627 0 1.69067419965172E-005 5.07202279895517E-005 5.07202279895517E-005 1.69067419965172E-005 1.69067419965172E-005 1.69067419965172E-005 3.38134839930345E-005 1.69067419965172E-005 1.69067419965172E-005 0 1.69067419965172E-005 1.69067419965172E-005 0 3.38134839930345E-005 0 1.69067419965172E-005 0.000067627 5.07202279895517E-005 0 0 1.69067419965172E-005 0 0 1.69067419965172E-005 0 0.0001183472
0 0 0 0 0 0 0 0 0 0 0 0 0 0 0 0 0 0 0 0 0 0 0 0 0 0 0 0 0 0 0 0 0 0 0 0 0 0.0088495576 0 0 0.0088495576 0 0.0088495576 0.03539823 0.0265486726 0.03539823 0.0530973452 0.1327433627 0.0530973452 0.0973451328 0.0884955752 0.0973451328 0.0796460178 0.0530973452 0.017699115 0.03539823 0.0530973452 0.0442477876 0.03539823 0 0 0.017699115 0.0088495576 0.0088495576 0 0 0 0 0 0 0 0 0 0 0 0 0 0 0 0 0 0 0 0 0 0 0 0 0 0 0 0 0 0 0 0 0 0 0 0 0 0 0
tallas
10 12 14 16 18 20 22 24 26 28 30 32 34 36 38 40 42 44 46 48 50 52 54 56 58 60 62 64 66 68 70 72 74 76 78 80 82 84 86 88 90 92 94 96 98 100 102 104 106 108 110 112 114 116 118 120 122 124 126 128 130 132 134 136 138 140 142 144 146 148 150 152 154 156 158 160 162 164 166 168 170 172 174 176 178 180 182 184 186 188 190 192 194 196 198 200 202 204 206 208 210 212 214
yearCLL
1985 1996 2005 2008 2009 2010 2011 2012 2013 2014 2015
nCPUE
27
yearCPUE
1962 1970 1971 1972 1973 1974 1975 1976 1977 1978 1979 1980 1981 1984 1996 2004 2005 2006 2007 2008 2009 2010 2011 2012 2013 2014 2015
cpue
3.06 2.0075 1.701428571 1.43347945 0.991977391 1.065133746 1.192513369 0.760175189 0.552435219 0.552435219 0.657240196 0.676246063 0.710141389 0.791392473 0.474087117 1.1103448276 0.942294159 0.7510853835 0.8068315665 1.1711899791 1.4275889968 1.976 1.2421344849 1.2019450801 1.1047247024 0.9534798535 0.8892857143
M_first_year
0.01 0.0114 0.012996 0.01481544 0.016889602 0.019254146 0.021949726 0.025022688 0.028525864 0.032519485 0.037072213 0.042262323 0.048179048 0.054924115 0.062613491 0.07137938 0.081372493 0.092764642 0.105751692 0.120556929 0.137434899 0.156675785 0.178610394 0.20361585 0.232122069 0.264619158 0.30166584 0.343899058 0.392044926
